2339.37
2341.98
2394.84
2379.45
2360.77
2374.37
2365.96
2361.78
2401.61
2424.59
2421.79
2433.74
2462.47
2462.77
2473.45
2449.49
2471.5
2453.35
2465.54
2461.76
2470.81
2464.12
2440.65
2407.32
2395.55
2433.91
2459.3
2453.48
2447.34
2429.8
2438.23
2451.35
2439.09
2432.06
2405.87
2389.3
2389.43
2403.89
2387.81
2412.71
2413.23
2421.49
2395.56
2392.89
2400.11
2410.16
2415.23
2464.43
2465.52
2471.98
2464.15
2448.33
2465.3
2429.51
2440.24
2446.42
2462.12
2480.85
2498.7
2480.62
2499.32
2487.51
2476.39
2471.82
2447.01
2464.39
2462.36
2462.13
2475.89
2459.77
2421.1
2402.82
2399.63
2408.81
2404.83
2381.06
2375.52
2363
2378.88
2360.91
2343.39
2341.18
2372.05
2380.36
2388.34
2397
2403.13
2393.95
2390.31
2411.61
2402.93
2409.2
2406.32
2399.93
2390.99
2346.51
2320.85
2341.91
2361.56
2369.33
2362.27
2332.73
2315.65
2351.98
2349.48
2381.74
2415.76
2448.73
2447.99
2451.06
2449.87
2439.03
2449.8
2468.76
2467.29
2421.4
2416.97
2443.14
2463.1
2513.96
2538.15
2541.42
2551.47
2542.88
2536.44
2501.58
2497.38
2489.77
2498.48
2515.27
2503.16
2539.6
2515.79
2485.29
2475.05
2469.68
2484.02
2485.51
2500.29
2462.6
2434.37
2444.06
2446.89
2436.39
2410.88
2424.95
2392.62
2394.22
2402.9
2381.76
2382.72
2401.13
2386.61
2423.29
2429.1
2433.84
2426.2
2437.72
2456.73
2449.49
2441.71
2463.68
2462.51
2462.33
2441.56
2435.48
2417.45
2407.05
2402.02
2393.36
2418.4
2418.78
2431.23
2421.67
2396.52
2418.26
2410.65
2410.27
2420.66
2428.35
2416.93
2417.11
2446.32
2445.4
2417.21
2438.42
2431.89
2398.03
2371.43
2379.6
2360
2321.57
2271.27
2288.7
2330.83
2310.88
2321.83
2323.04
2302.59
2315.94
2309.39
2264.75
2307.46
2361.48
2337.21
2330.04
2367.65
2336.66
2265.21
2252.33
2255.12
2242.42
2287.86
2319.45
2319.59
2307.29
2309.86
2319.18
2340.77
2341
2330.14
2335.42
2341.68
2341.58
2354.47
2339.79
2340.12
2323.5
2338.37
2346.95
2362
2360.31
2346.71
2348.06
2348.94
2365.58
2363.61
2354.65
2361.01
2367.1
2358.25
2323.09
2338
2355.75
2345.93
2344.12
2312.96
2325.12
2329.81
2303.4
2311.04
2330.39
2344.36
2384.78
2407.7
2414.39
2412.32
2395.4
2376.39
2373.18
2396.44
2395.94
2392.7
2400.65
2420.78
2424.82
2441.89
2443.62
2442.47
2434.89
2475.33
2503.65
2463.96
2505.34
2509.5
2520.38
2522.78
2519.2
2549.4
2548.98
2521.57
2514.63
2523.09
2507.95
2524.54
2522.61
2546.78
2535.1
2542.65
2540.26
2513.58
2514.84
2523.59
2523.35
2521.07
2524.83
2516.76
2473.17
2448.81
2460.74
2441.15
2437.81
2437.09
2408.73
2388.93
2365.58
2354.26
2338.65
2384.49
2383.87
2358.73
2358.03
2356.77
2321.39
2334.36
2299.35
2350.09
2341.26
2348.97
2354.74
2333.82
2291.23
2317.84
2293.03
2294.37
2278.17
2272.09
2218.64
2216.39
2230.65
2270.84
2269
2259.98
2257.62
2298.54
2285.03
2244.63
2249.67
2185.83
2200.84
2187.67
2189.08
2194.24
2212.02
2188.92
2227.51
2230.28
2227.98
2258.62
2196.22
2196.78
2222.25
2219.57
2200.08
2224.74
2198.22
2174.11
2169.59
2192.14
2200.86
2179.73
2056.38
2070.56
2074.49
2117.83
2145.12
2163.71
2115.75
2107.58
2155.07
2146.47
2132.36
2135.15
2142.53
2184.96
2185.46
2183.05
2185.88
2181.8
2199.46
2168.19
2178.27
2137.88
2106.8
2082.95
2091.73
2059.41
2043
2066.37
2049.93
2036.32
2088.27
2102.87
2110.39
2126.48
2143.28
2133.56
2123.43
2118.97
2136.42
2121.94
2111.04
2116.81
2105.65
2106.27
2107.43
2110.74
2113.06
2105.63
2059.34
2060.03
2077.09
2061.38
2063.08
2041.24
2019.78
2012.97
2021.92
2013.67
1978.87
1971.43
2007.62
2023.98
2009.73
2021.99
1982.57
1943.99
1943.3
1963.89
1936.05
1925.72
1923.94
1886.5
1867.96
1868.24
1864.92
1814.88
1773.21
1798.86
1757.37
1754.74
1771.99
1803.68
1840.57
1858.87
1866.19
1873.78
1879.75
1876.33
1893.32
1859.15
1804.42
1792.01
1745.46
1725.14
1703.78
1750.51
1772.48
1776.96
1734.87
1679.22
1692.52
1674.57
1683.81
1727.22
1729.62
1713.36
1728.84
1755.39
1780.25
1777.54
1731.64
1739.08
1788.65
1790.87
1769.71
1767.45
1760.99
1758.93
1765.53
1787.98
1783.93
1847.95
1853.76
1841.06
1859.73
1844.96
1818.37
1838.17
1844.57
1824.08
1825.07
1825.15
1877.15
1873.51
1895.41
1876.49
1878.59
1887.31
1910.87
1913.83
1906.08
1905.69
1944.21
1961.97
1952.63
1962.98
1935.61
1936.19
1953.84
1999.93
1997.69
1973.24
1986.14
1933.84
1919.59
1905.1
1919.42
1914.22
1907.72
1944.36
1951.75
1939.95
1946.34
1964.84
1962.88
1950.38
1943.03
1925.34
1916.35
1892.48
1897.98
1896.64
1899.72
1865.25
1837.71
1852.71
1848.45
1825.17
1818.02
1816.09
1815.38
1853.78
1846.5
1841.84
1799.9
1806.38
1818.97
1831.15
1849.27
1839.22
1841.79
1808.24
1759.49
1762.28
1793.43
1797.27
1832.79
1843.85
1814.14
1782.02
1780.01
1762.61
1772.91
1733.48
1754.45
1793.83
1802.61
1823.03
1853.71
1769.67
1732.19
1751.81
1756.2
1750.69
1744.56
1724.5
1715.95
1689.92
1713.51
1705.43
1745.43
1754.38
1744.15
1745.34
1759.41
1788.12
1792.47
1800.41
1803.68
1792.97
1814.75
1803.96
1797.63
1788.51
1759.74
1762.12
1803.63
1790.09
1820.24
1825.45
1837.05
1847.15
1852.54
1864.7
1857.7
1846.86
1824.4
1821.01
1800.17
1800.34
1790.6
1786.32
1781.68
1775.9
1777.35
1798.23
1793.56
1761.68
1767.55
1788.02
1790.83
1810.02
1793.48
1754.12
1731.37
1727.69
1736.68
1745.97
1734.26
1749.78
1755.59
1758.47
1776.22
1762.48
1740.05
1732.81
1734.59
1730.45
1709.51
1725.44
1754.04
1762.23
1761.9
1751.72
1765.95
1757.04
1760.43
1727.55
1719.64
1714.2
1721.21
1744.53
1748.99
1752.25
1782.79
1785.59
1779.73
1795.33
1817.79
1814.66
1765.62
1767.37
1758.22
1761.79
1783.22
1790.66
1796.75
1753.86
1754.02
1758.54
1742.39
1725.74
1756.35
1775.66
1796.63
1807.27
1796.3
1776.3
1780.04
1798.22
1783.94
1783.57
1845.66
1876.56
1889.51
1921.08
1899.76
1882.58
1919.49
1934.87
1911.16
1918.54
1924.67
1940.46
1927.9
1943.73
1933.6
1936.72
1932.75
1946.32
1947.92
1956.72
1989.64
1999.93
1998.76
2009.19
2023.64
2030.64
2022.95
2015.89
2025.25
2015.28
2005.65
2015.47
2006.01
1991.36
2013.17
2079.15
2080.4
2084.05
2051.49
2056.83
2079.1
2065.14
2076.12
2089.61
2086.54
2083.65
2132.4
2154.79
2179.66
2173.76
2184.33
2215.36
2188.3
2192.79
2248.52
2251.02
2256.01
2212.04
2210.26
2191.25
2253.96
2254.51
2232.98
2217.41
2200.98
2213.24
2189.66
2200.03
2242.55
2238.38
2229.87
2283.7
2296.97
2281.45
2252.57
2223.84
2235.33
2234.82
2201.88
2225.41
2214.45
2209.1
2175.96
2219.88
2239.3
2253.64
2254.47
2248.33
2244.02
2221.82
2214.06
2233.63
2237.36
2274.69
2285.82
2264.07
2296.9
2353.17
2383.97
2382.78
2376.87
2392.09
2381
2382.17
2374.23
2413.53
2380.25
2364.93
2368.5
2377.15
2340.34
2302.21
2295.14
2328.7
2343.13
2307.84
2324.99
2358.41
2326.28
2323.58
2292.27
2281.18
2278.26
2303.21
2276.01
2303.68
2308.64
2340.23
2330.72
2295.01
2302.41
2295.99
2304.5
2334.27
2302.83
2319.13
2308.16
2304.48
2337.69
2345.05
2327.68
2329.26
2299.8
2323.74
2294.27
2307.49
2300.74
2295.82
2300.66
2297.73
2341.54
2350.83
2350.43
2372.17
2360.75
2374.31
2358.5
2343.1
2334.69
2341.36
2360.26
2350.91
2360.42
2374.17
2386.4
2366.06
2365.48
2380.16
2388.21
2425.02
2408.11
2382.67
2371.72
2376.66
2381.18
2353.18
2359.87
2377.28
2387.24
2391.06
2456.27
2471.74
2531.31
2497.58
2524.57
2516.26
2527.62
2519.42
2517.45
2512.4
2491.79
2483.58
2513.44
2505.88
2500.16
2507.43
2498.32
2501.75
2502.81
2499.63
2468.72
2480.73
2453.15
2443.34
2433.82
2427.04
2453.46
2469.58
2469.51
2444.19
2463.45
2479.46
2499.35
2516.49
2551.78
2537.69
2528.16
2534.52
2514.36
2502.34
2467.49
2465.51
2473.42
2448.45
2449.89
2456.17
2488.5
2517.03
2524.9
2501.4
2494.52
2515.34
2536.37
2513.34
2478.21
2457.62
2454.6
2464.35
2418.96
2411.11
2443.83
2468.09
2489.08
2489.5
2503.93
2479.25
2497.15
2485.71
2436.24
2408.69
2389.92
2404.15
2407.72
2394.67
2393.34
2408.83
2386.93
2413.68
2409.46
2434.61
2416.95
2466.08
2455.99
2459.33
2463.59
2445.65
2480.63
2480.25
2461.21
2463.25
2533.17
2529.55
2548.61
2528.38
2511.27
2534.56
2539.29
2542.65
2591.1
2600.37
2591.22
2601.82
2620.87
2630.37
2621.59
2589.3
2600.48
2593.4
2566.14
2553.81
2534.21
2507.24
2505.98
2412.03
2441.67
2406.48
2382.79
2414.41
2431.67
2449.79
2423.57
2406.96
2408.49
2413.23
2405.47
2410.69
2406.11
2408.63
2421.51
2364.32
2334.96
2314.23
2330.1
2339.51
2359.57
2322.09
2354.54
