14.5301
15.4514
15.5329
14.9299
12.8881
11.814
11.8845
10.8263
9.31299
5.93201
1.89368
-1.28147
-2.60102
-4.88794
-4.63766
-4.34724
-3.41125
-4.70754
-5.88249
-6.16004
-5.50559
-4.52566
0.218454
4.01981
7.46761
9.45915
9.64969
11.0427
9.15326
8.42455
8.25061
9.27273
11.462
14.4705
15.2205
17.1263
17.4822
16.6748
15.4876
12.4018
11.2292
10.0207
8.94128
9.09135
7.81939
3.64895
-1.11831
-5.09507
-7.42039
-9.47515
-12.8732
-15.8307
-18.9662
-19.9399
-21.909
-24.5997
-26.6037
-25.4081
-23.5189
-21.1342
-18.3341
-15.4424
-13.7331
-12.5278
-9.7416
-8.14005
-6.29235
-5.00275
-4.44512
-4.67073
-8.34253
-13.1712
-15.1242
-14.9145
-13.9604
-13.6169
-15.5492
-18.2483
-17.257
-16.483
-13.1154
-7.61361
-0.586252
4.86716
9.32922
12.6239
14.1966
16.1261
18.9666
20.8586
18.4425
15.986
15.9668
17.3621
22.3146
27.8702
32.1661
35.9669
37.8497
38.3798
35.5768
32.6403
29.3605
27.1512
26.4501
24.6334
25.8363
24.5848
20.8912
16.9423
13.2271
11.3094
9.79698
9.6794
6.47037
1.63047
-1.40707
-3.54511
-6.01743
-9.92084
-11.7436
-15.6169
-18.3459
-19.5826
-22.0147
-23.5927
-23.0916
-23.5941
-20.7929
-17.8978
-15.0475
-13.2523
-10.7758
-7.19626
-4.88733
-3.64326
-0.874455
1.21147
2.81758
2.38695
1.53734
-0.584112
-3.06919
-5.38247
-7.82436
-7.65085
-7.39742
-6.12139
-5.81452
-7.5141
-7.0258
-7.17023
-7.23199
-6.36913
-5.00707
-4.79386
-4.55783
-1.99082
-0.0303359
-0.742772
0.399482
0.768946
-1.65143
-5.65086
-8.06818
-11.4337
-17.0058
-25.1902
-29.9249
-29.9327
-31.1891
-30.9445
-30.3037
-31.0877
-30.2827
-29.8294
-32.6953
-31.161
-25.2946
-22.3461
-20.3534
-15.56
-14.0993
-18.4939
-22.7537
-25.6093
-28.5678
-26.9353
-22.8294
-19.3411
-17.369
-15.4209
-12.9754
-9.18922
-6.0998
-4.47613
-2.73182
-0.834685
0.653207
2.83975
3.34944
3.73693
2.67211
2.99362
3.89583
5.75887
7.01808
6.83976
6.72979
6.63714
7.81632
8.49396
8.21332
8.40719
8.94909
8.56568
5.3629
3.98188
4.27046
3.66453
3.00364
-0.0340675
-1.44362
-2.1574
-4.79881
-6.20415
-5.69091
-4.10953
0.400665
5.7581
10.4236
13.795
14.9294
14.1316
13.0894
13.9792
14.4772
14.4439
14.8874
16.671
18.2007
20.5535
22.3007
23.3236
23.2546
26.1615
30.4
30.2082
33.0146
35.169
37.324
38.7786
39.1906
41.476
42.7604
41.0928
38.7643
37.1732
34.2952
32.9729
31.4073
31.7508
30.7263
30.1758
29.21
25.9921
23.2752
21.5794
19.9857
18.3274
17.1193
15.3339
10.2831
4.26545
0.453851
-4.10035
-7.88816
-10.8234
-15.262
-20.1452
-25.6041
-30.4923
-35.2198
-34.8656
-34.2402
-35.3654
-35.8999
-36.01
-38.5083
-38.9921
-41.7196
-39.3335
-37.7202
-35.4113
-32.7385
-31.9402
-34.3482
-33.7207
-34.8239
-35.1845
-36.3583
-37.3487
-41.9628
-45.2791
-46.2238
-43.2312
-40.5406
-38.6902
-36.9878
-31.9682
-28.7489
-29.1218
-28.68
-33.0997
-34.9879
-37.1191
-38.2533
-38.2944
-36.4719
-36.471
-32.9764
-29.6416
-26.8746
-21.9562
-22.8303
-23.2104
-21.2118
-19.618
-19.7005
-17.5735
-17.8223
-19.7374
-21.3735
-20.6129
-19.0865
-19.3587
-29.1912
-35.4309
-39.6023
-38.9618
-35.839
-31.501
-31.5692
-31.9146
-28.0331
-25.3586
-24.0998
-22.6164
-20.6077
-15.4144
-11.13
-7.83868
-4.94493
-2.94687
0.0609235
-0.0777118
0.618659
-2.0648
-6.623
-12.0213
-15.4134
-20.4736
-25.5139
-27.3078
-29.7135
-32.3454
-29.8947
-26.4693
-22.884
-18.5307
-13.5686
-10.3018
-8.43292
-7.22841
-4.81031
-4.01607
-4.21755
-3.86706
-4.43864
-4.78642
-4.91182
-4.69004
-4.27777
-4.49872
-8.31321
-11.152
-11.8881
-13.5826
-14.6198
-17.008
-20.3972
-23.3633
-24.707
-26.1363
-29.7344
-32.808
-31.9553
-29.618
-28.586
-26.4737
-27.6617
-31.3548
-33.946
-33.9467
-35.7814
-37.635
-38.8004
-42.258
-45.9643
-48.3219
-49.8833
-54.5299
-60.873
-63.1029
-67.4406
-70.2803
-70.3281
-67.0362
-60.7503
-53.6733
-46.9331
-40.5119
-34.5432
-29.746
-24.2932
-22.4701
-25.1515
-27.9557
-33.5475
-39.1673
-44.8278
-45.024
-42.9121
-40.4111
-41.3486
-46.0513
-48.15
-50.6774
-51.343
-47.8164
-44.3171
-42.3675
-39.1223
-34.0161
-27.6446
-22.5539
-21.97
-20.6686
-15.4592
-11.0244
-9.11226
-7.69056
-7.00439
-6.55129
-5.59515
-2.99139
-1.24039
5.25261
10.7433
13.9097
17.7212
19.3273
18.2442
18.7673
19.4737
18.1707
17.0218
15.934
19.0483
20.9809
24.0029
24.5878
24.9333
25.6155
27.7375
29.32
29.6076
29.4643
32.0891
35.1967
36.4852
37.9046
36.4013
34.855
34.6542
37.7787
39.6174
38.6561
38.4915
33.7518
28.517
22.9348
19.4422
16.0694
12.7253
12.8832
13.4495
12.7986
12.6526
13.8698
14.509
13.8473
12.5847
10.041
7.21641
3.01705
0.131312
-2.23798
-3.82307
-7.77112
-12.9727
-15.7036
-18.004
-21.4583
-24.4905
-26.7409
-28.2561
-26.0579
-24.6194
-23.5836
-25.8489
-26.8123
-26.2571
-24.5514
-21.4897
-19.6477
-17.7757
-18.7828
-23.2466
-26.2565
-25.8305
-24.8961
-21.0467
-16.9087
-15.8441
-17.3916
-18.5663
-20.663
-21.2487
-24.6107
-25.2916
-22.3953
-19.1706
-14.7967
-8.75377
-10.6236
-14.9574
-16.6172
-17.378
-18.2156
-19.1533
-21.2699
-23.3678
-26.8217
-27.3403
-28.0795
-25.1478
-21.8504
-19.8339
-17.9332
-15.1172
-10.4484
-6.32449
-2.38801
0.984198
2.76066
5.85846
7.358
7.94404
7.58515
4.92247
2.9701
4.71795
4.95347
7.48667
9.80166
12.4291
15.1516
17.542
20.1849
21.4671
21.3624
19.2451
17.0966
13.556
10.6411
7.45909
4.53964
1.83045
-0.774084
-2.69018
-2.4951
-2.68635
-5.34872
-6.9054
-6.4134
-5.73068
-3.59965
-3.20845
-6.00522
-9.9428
-13.2081
-14.8986
-15.3123
-16.396
-15.8202
-14.7252
-13.4698
-10.9168
-9.88824
-10.759
-11.8961
-12.5095
-13.1777
-15.2215
-15.3786
-13.0449
-10.4145
-8.2613
-7.29225
-5.31476
-4.41565
-3.39047
-5.17154
-7.13902
-9.0331
-9.85492
-8.52621
-7.03225
-5.52156
-1.83882
1.29084
3.26068
6.01128
9.88949
12.5656
10.607
9.09126
7.07017
5.69092
6.25497
7.21911
8.37803
5.76912
3.67212
2.34789
-0.00468204
-3.17602
-3.18267
-1.61121
1.31117
4.43462
5.95613
5.48488
5.35151
6.63628
6.4281
6.16223
10.8367
16.8406
22.3856
28.9932
32.139
32.8669
36.0071
39.2839
39.5121
39.8293
40.1129
41.1376
40.4697
40.748
39.6936
38.6641
37.1001
36.5345
35.8027
35.5233
37.5256
39.4877
40.4815
41.6309
43.2097
44.5126
44.4127
43.2651
42.6196
40.8328
38.1994
36.4843
33.97
30.4444
29.0751
32.9342
35.6822
37.7197
36.2888
35.1802
35.6872
34.5641
34.1662
34.5412
34.1965
33.3062
36.118
39.6955
44.0299
46.4534
48.6659
52.3201
52.4282
52.2737
56.0025
58.4852
60.1619
57.2824
54.2316
49.7068
50.5979
50.7632
48.5968
45.1036
40.5421
37.4842
32.7803
29.5485
30.0717
29.8063
28.5797
31.5872
34.6421
35.4027
33.2914
28.966
26.1636
23.6291
18.7465
16.5844
13.8272
11.0827
6.16244
5.74091
6.89441
8.86351
10.3715
10.9449
10.9256
9.01508
6.79645
6.5419
6.56545
9.48698
12.5557
13.0818
15.9638
22.5287
29.8724
35.1906
38.4848
41.8413
43.1095
43.7052
43.0405
45.1642
43.6586
40.7593
38.3081
36.6411
31.9811
24.924
18.5468
16.0163
15.0022
11.2216
9.49983
10.7086
8.97047
7.2911
3.39461
-0.581562
-3.9231
-4.50609
-7.0813
-6.81093
-6.12581
-2.99922
-1.27407
-2.7566
-3.2964
-4.19388
-4.17039
-1.72964
-2.3057
-1.43047
-1.60354
-2.01443
0.335841
2.76051
3.24309
3.71025
1.6839
1.98685
-0.149316
-0.766663
-1.78006
-2.94623
-3.44023
-4.02178
-0.936774
2.23201
4.65734
8.23869
10.0397
12.4181
12.8787
11.8644
10.2636
9.42453
10.1674
9.88773
10.3146
11.6283
13.5006
13.1912
12.7521
13.4339
14.4571
18.0304
19.2756
18.0021
15.9257
14.5114
13.5986
10.4949
8.47721
8.18866
8.6638
9.24206
14.7917
20.2053
28.9684
32.8133
37.6047
40.2673
42.8007
43.6436
43.6495
42.7539
39.9208
36.5913
35.9478
34.4308
32.3936
31.0083
28.8429
27.0913
25.4947
23.6996
19.5574
17.0473
12.6862
8.34235
4.08451
0.161197
-0.806883
-0.270229
0.147722
-1.54634
-1.31956
0.150308
2.88687
6.36529
11.8332
14.8583
16.2988
17.7491
17.0748
15.3931
11.1201
7.48757
5.18726
1.334
-1.58527
-3.35341
-2.12145
1.14383
4.31686
4.87902
4.71503
6.19366
8.95916
9.18661
6.45773
2.60362
-0.686564
-2.47874
-7.47548
-11.9313
-12.6763
-11.1802
-8.20618
-5.74912
-2.60744
-2.08508
-0.224132
0.323834
-3.19686
-8.11653
-13.3758
-16.2087
-17.9587
-20.1662
-21.772
-21.5463
-22.8709
-21.5142
-20.5427
-17.5412
-16.3985
-11.3971
-8.15365
-5.25313
-2.58095
-1.88906
1.46497
4.04577
4.5028
4.97229
10.8611
15.0623
19.7027
21.5
21.2982
22.7553
24.0148
24.9961
29.3449
33.1572
35.0363
36.9548
39.5565
41.9018
42.5614
40.0174
38.46
36.2367
31.9073
27.1681
21.5819
14.8079
9.23129
-2.73759
-9.71929
-17.8857
-25.9698
-29.4852
-30.5266
-29.5491
-30.5382
-32.29
-33.1726
-33.1079
-33.2989
-32.6527
-32.1397
-31.1704
-29.0283
-31.5815
-35.5639
-39.9325
-41.6341
-41.7422
-39.751
-40.7277
-38.4402
