13.0189
11.6015
9.65996
7.47167
5.45714
3.38812
1.78296
0.556923
-0.236711
-1.13088
-2.0812
-2.89697
-3.41869
-3.64009
-2.86838
-1.49074
0.30093
2.13257
3.636
5.11734
5.92452
6.42453
6.78974
7.28634
8.12147
9.39128
10.5571
11.871
12.9932
13.7295
14.0811
13.7453
13.2421
12.5978
11.8665
11.3115
10.613
9.22023
7.15252
4.703
2.27832
-0.0723719
-2.63254
-5.27217
-8.01098
-10.3968
-12.6992
-15.0793
-17.3842
-18.989
-19.895
-20.1428
-19.7811
-18.9133
-17.8773
-16.8074
-15.3942
-13.9434
-12.4132
-10.9311
-9.6339
-8.64127
-8.58152
-9.49946
-10.6244
-11.4824
-11.978
-12.3058
-12.9545
-14.0132
-14.662
-15.0262
-14.644
-13.238
-10.7076
-7.59266
-4.20828
-0.841845
2.16584
4.9579
7.75964
10.3794
11.992
12.7908
13.426
14.2132
15.8335
18.2409
21.0259
24.0141
26.7812
29.1009
30.3961
30.8449
30.5481
29.8687
29.185
28.2747
27.787
27.1465
25.8955
24.1048
21.9293
19.8053
17.8036
16.1788
14.2371
11.7158
9.09121
6.56395
4.04767
1.25397
-1.34554
-4.19981
-7.02903
-9.53975
-12.0347
-14.3463
-16.0954
-17.5951
-18.2347
-18.1673
-17.5433
-16.6851
-15.5033
-13.8419
-12.051
-10.3694
-8.47043
-6.53405
-4.66372
-3.25359
-2.2954
-1.95314
-2.17635
-2.81758
-3.81893
-4.58532
-5.14774
-5.34247
-5.43688
-5.85232
-6.08702
-6.30366
-6.48933
-6.46529
-6.17364
-5.89769
-5.62972
-4.90194
-3.92762
-3.29065
-2.55262
-1.88831
-1.84093
-2.60292
-3.69597
-5.24352
-7.59597
-11.1148
-14.8768
-17.888
-20.5482
-22.6275
-24.1627
-25.5477
-26.4947
-27.1617
-28.2684
-28.8469
-28.1364
-26.9784
-25.6534
-23.6347
-21.7276
-21.0809
-21.4154
-22.2542
-23.5169
-24.2006
-23.9264
-23.0093
-21.8812
-20.5892
-19.0664
-17.091
-14.8927
-12.8094
-10.7939
-8.80206
-6.91101
-4.96085
-3.2988
-1.89165
-0.978898
-0.184395
0.63165
1.65709
2.72929
3.55139
4.18707
4.67708
5.30493
5.94273
6.39685
6.79892
7.22895
7.4963
7.06962
6.45207
6.01575
5.54551
5.03713
4.02289
2.92959
1.91219
0.569991
-0.784837
-1.76605
-2.23475
-1.70766
-0.214512
1.91311
4.28949
6.41747
7.9603
8.98612
9.98473
10.8832
11.5954
12.2538
13.1372
14.1499
15.4306
16.8046
18.1084
19.1377
20.5424
22.5139
24.0528
25.8452
27.7099
29.6327
31.4619
33.0077
34.7013
36.3131
37.2691
37.5681
37.4891
36.8503
36.0749
35.1413
34.4632
33.7158
33.0078
32.2483
30.997
29.4527
27.878
26.2996
24.7051
23.188
21.6171
19.3503
16.3334
13.1575
9.7059
6.18709
2.78499
-0.82441
-4.68857
-8.87167
-13.1958
-17.6006
-21.0536
-23.6909
-26.0258
-28.0006
-29.6025
-31.3837
-32.9054
-34.6682
-35.6013
-36.025
-35.9023
-35.2695
-34.6037
-34.5526
-34.3862
-34.4737
-34.6159
-34.9644
-35.4412
-36.7456
-38.4523
-40.0066
-40.6515
-40.6293
-40.2415
-39.5908
-38.0662
-36.2028
-34.7866
-33.5653
-33.4722
-33.7753
-34.4441
-35.2059
-35.8236
-35.9533
-36.0568
-35.4407
-34.2809
-32.7996
-30.631
-29.0708
-27.8987
-26.5614
-25.1727
-24.0782
-22.7773
-21.7863
-21.3765
-21.3759
-21.2233
-20.7959
-20.5085
-22.245
-24.8822
-27.8262
-30.0533
-31.2105
-31.2686
-31.3287
-31.4459
-30.7633
-29.6824
-28.5659
-27.376
-26.0223
-23.9007
-21.3466
-18.645
-15.905
-13.3134
-10.6385
-8.52635
-6.69735
-5.77084
-5.94127
-7.15728
-8.8085
-11.1415
-14.016
-16.6744
-19.2822
-21.8948
-23.4948
-24.0897
-23.8486
-22.785
-20.9417
-18.8137
-16.7376
-14.8357
-12.8307
-11.0677
-9.6977
-8.53157
-7.71298
-7.12767
-6.6845
-6.28561
-5.88404
-5.60698
-6.14822
-7.14898
-8.0968
-9.19396
-10.2791
-11.6249
-13.3794
-15.3762
-17.2423
-19.0211
-21.1638
-23.4926
-25.1852
-26.0717
-26.5746
-26.5544
-26.7759
-27.6917
-28.9425
-29.9434
-31.111
-32.4158
-33.6927
-35.4058
-37.5175
-39.6784
-41.7193
-44.2815
-47.5998
-50.7004
-54.0484
-57.2948
-59.9015
-61.3284
-61.2128
-59.7049
-57.1505
-53.8228
-49.9669
-45.9227
-41.5968
-37.7715
-35.2475
-33.7891
-33.7408
-34.8261
-36.8264
-38.4659
-39.3552
-39.5664
-39.9228
-41.1485
-42.5488
-44.1745
-45.6082
-46.0499
-45.7033
-45.0361
-43.8534
-41.8859
-39.0377
-35.7409
-32.9867
-30.5231
-27.5103
-24.2131
-21.193
-18.4925
-16.1949
-14.2661
-12.5319
-10.6238
-8.74715
-5.9472
-2.6091
0.694663
4.09997
7.14544
9.36519
11.2456
12.8912
13.9471
14.5621
14.8364
15.6788
16.7392
18.192
19.4711
20.5636
21.574
22.8067
24.1093
25.209
26.06
27.2659
28.852
30.3787
31.8838
32.7873
33.2009
33.4915
34.349
35.4027
36.0533
36.541
35.9831
34.4899
32.1789
29.6316
26.9191
24.0804
21.8409
20.1626
18.6898
17.4824
16.7599
16.3097
15.8172
15.1707
14.1448
12.7591
10.8107
8.67481
6.49225
4.42919
1.98913
-1.00324
-3.94331
-6.75545
-9.69602
-12.6549
-15.4721
-18.0289
-19.6347
-20.6316
-21.222
-22.1474
-23.0804
-23.7157
-23.8829
-23.4042
-22.6529
-21.6775
-21.0985
-21.5282
-22.4738
-23.1452
-23.4953
-23.0056
-21.7862
-20.5978
-19.9566
-19.6785
-19.8754
-20.1501
-21.0422
-21.8921
-21.9927
-21.4283
-20.102
-17.8323
-16.3906
-16.104
-16.2066
-16.4409
-16.7958
-17.2673
-18.0678
-19.1278
-20.6666
-22.0013
-23.217
-23.6031
-23.2526
-22.5689
-21.6417
-20.3368
-18.3591
-15.9522
-13.2394
-10.3947
-7.76359
-5.03918
-2.55974
-0.458988
1.14984
1.90437
2.11751
2.6376
3.10077
3.97795
5.14269
6.59998
8.3103
10.1566
12.1623
14.0233
15.4911
16.2419
16.4128
15.8415
14.8014
13.3329
11.5743
9.62551
7.54559
5.49844
3.89973
2.58251
0.996266
-0.584067
-1.74993
-2.54608
-2.7568
-2.84713
-3.47875
-4.77156
-6.45887
-8.14681
-9.57991
-10.9431
-11.9185
-12.4799
-12.6779
-12.3256
-11.8382
-11.6223
-11.6771
-11.8436
-12.1104
-12.7326
-13.2618
-13.2184
-12.6576
-11.7784
-10.8812
-9.76787
-8.69743
-7.63604
-7.14314
-7.14231
-7.52047
-7.98736
-8.09513
-7.88255
-7.41036
-6.29605
-4.77867
-3.1708
-1.33438
0.91039
3.24143
4.71455
5.58989
5.88594
5.84694
5.92855
6.18666
6.62493
6.45377
5.89744
5.18753
4.14909
2.68407
1.51072
0.886333
0.971301
1.66396
2.5224
3.11489
3.56222
4.17703
4.62724
4.93424
6.11473
8.25991
11.085
14.6667
18.1611
21.1023
24.0833
27.1234
29.6011
31.6468
33.34
34.8995
36.0135
36.9604
37.5071
37.7385
37.6108
37.3955
37.077
36.7662
36.9181
37.432
38.0419
38.7597
39.6497
40.6223
41.3804
41.7573
41.9298
41.7104
41.0082
40.1034
38.8767
37.1903
35.5672
35.0406
35.1689
35.6791
35.801
35.6769
35.6789
35.456
35.198
35.0667
34.8926
34.5753
34.8839
35.8462
37.4829
39.277
41.1548
43.3879
45.1959
46.6115
48.4897
50.4888
52.4234
53.3952
53.5625
52.7914
52.3527
52.0348
51.3472
50.0985
48.1872
46.0466
43.3933
40.6244
38.5138
36.7723
35.1338
34.4245
34.468
34.6549
34.3822
33.299
31.8719
30.2233
27.928
25.6593
23.2929
20.8508
17.9131
15.4787
13.7618
12.7822
12.3
12.029
11.8083
11.2497
10.359
9.59561
8.98958
9.08906
9.78239
10.4423
11.5466
13.743
16.9689
20.6132
24.1875
27.7183
30.7965
33.3783
35.3107
37.2814
38.5568
38.9973
38.8595
38.4158
37.1289
34.6879
31.4597
28.371
25.6972
22.8021
20.1417
18.255
16.3981
14.5767
12.3403
9.75593
7.02012
4.71488
2.35564
0.522329
-0.807298
-1.24568
-1.25136
-1.55241
-1.90121
-2.35974
-2.72187
-2.52342
-2.47988
-2.27
-2.13671
-2.11225
-1.62263
-0.746004
0.0518147
0.783502
0.963581
1.16824
0.904725
0.570447
0.100346
-0.508969
-1.09522
-1.68053
-1.53178
-0.779023
0.30825
1.89434
3.52341
5.30235
6.81762
7.82697
8.3143
8.53635
8.86256
9.06759
9.31699
9.77925
10.5235
11.0571
11.3961
11.8036
12.3343
13.4735
14.634
15.3076
15.4312
15.2472
14.9175
14.033
12.9218
11.9752
11.3129
10.8987
11.6773
13.3829
16.5
19.7627
23.3311
26.7183
29.9348
32.6766
34.8711
36.4477
37.1423
37.0321
36.8153
36.3384
35.5494
34.6412
33.4815
32.2035
30.8617
29.4293
27.4549
25.3734
22.836
19.9372
16.7667
13.4456
10.5951
8.42203
6.76717
5.10447
3.81966
3.08579
3.04601
3.70986
5.33453
7.23928
9.05119
10.7908
12.0476
12.7167
12.3974
11.4154
10.1698
8.40262
6.40504
4.45335
3.13839
2.73948
3.05496
3.41977
3.67882
4.18179
5.13726
5.94713
6.04925
5.36013
4.15079
2.82488
0.76481
-1.77441
-3.95479
-5.39987
-5.96113
-5.91873
-5.25647
-4.62219
-3.74258
-2.9293
-2.98281
-4.00955
-5.8828
-7.94798
-9.95013
-11.9933
-13.9491
-15.4685
-16.949
-17.862
-18.3982
-18.2268
-17.8611
-16.5683
-14.8854
-12.9589
-10.8833
-9.08448
-6.97459
-4.77052
-2.91585
-1.33823
1.10164
3.89377
7.05556
9.94445
12.2152
14.3232
16.2615
18.0084
20.2757
22.852
25.2889
27.6221
30.009
32.3875
34.4223
35.5413
36.1251
36.1474
35.2994
33.6731
31.2549
27.9655
24.2186
18.8274
13.1181
6.91731
0.339884
-5.62513
-10.6054
-14.3942
-17.623
-20.5564
-23.0796
-25.0853
-26.728
-27.9129
-28.7583
-29.2407
-29.1982
-29.6749
-30.8527
-32.6687
-34.4617
-35.9178
-36.6845
-37.4931
-37.6825
